光伏电站发电特性分析报告
数据时间范围：2018-06-30 16:00:00 ~ 2019-06-30 00:00:00
装机容量：20 兆瓦
组件数量：74000

【月度统计】
     实际功率                  理论功率               
     mean     max    std   mean     max    std
月份                                            
1   3.041  18.914  5.132  0.000   0.000  0.000
2   2.655  19.997  4.772  0.006   0.619  0.041
3   4.579  19.944  6.494  0.351  20.000  1.461
4   4.190  19.500  5.939  1.166  20.000  3.474
5   4.909  19.127  6.203  2.052  20.000  4.901
6   4.404  17.689  5.634  2.502  20.000  4.411
7   3.595  18.861  4.844  1.420  20.000  3.872
8   3.604  18.737  5.139  1.030  20.000  3.279
9   3.780  18.754  5.686  0.444  20.000  1.824
10  3.840  18.985  5.876  0.023   1.450  0.130
11  2.568  17.120  4.411  0.000   0.000  0.000
12  3.273  18.861  5.585  0.000   0.000  0.000

【季节统计】
     实际功率                  理论功率               
     mean     max    std   mean     max    std
季节                                            
冬季  3.001  19.997  5.192  0.002   0.619  0.023
夏季  3.739  18.861  5.119  1.632  20.000  3.918
春季  4.563  19.944  6.225  1.190  20.000  3.638
秋季  3.401  18.985  5.401  0.154  20.000  1.069

【小时统计】
      实际功率                  理论功率               
      mean     max    std   mean     max    std
小时                                             
0    5.161  15.522  3.548  0.000   0.000  0.000
1    8.636  16.694  4.241  0.000   0.000  0.000
2   11.119  19.429  4.895  0.000   0.000  0.000
3   12.593  19.944  5.211  0.000   0.000  0.000
4   12.783  19.997  5.258  0.491  20.000  3.083
5   11.920  19.962  5.163  4.956  20.000  8.031
6   10.072  19.589  4.602  4.649  20.000  6.246
7    7.169  16.037  3.978  2.831  12.814  3.564
8    3.833  15.522  3.071  1.953   8.364  2.300
9    1.367  15.522  1.790  1.118   7.346  1.406
10   0.312  15.522  1.177  0.437   7.293  0.834
11   0.094  15.522  1.119  0.146   7.503  0.663
12   0.065  15.522  0.986  0.119   7.502  0.606
13   0.045  15.522  0.831  0.111   4.365  0.551
14   0.045  15.522  0.831  0.115   4.453  0.569
15   0.045  15.522  0.831  0.120   5.497  0.597
16   0.045  15.522  0.831  0.131   5.306  0.635
17   0.045  15.522  0.831  0.155   5.001  0.737
18   0.045  15.522  0.831  0.254  11.000  1.237
19   0.045  15.522  0.831  0.359  20.000  2.468
20   0.045  15.522  0.831  0.000   0.000  0.000
21   0.089  15.522  0.840  0.000   0.000  0.000
22   0.521  15.522  1.074  0.000   0.000  0.000
23   2.172  15.522  2.175  0.000   0.000  0.000

【偏差统计】
计数       33408.000000
均值           3.020993
标准差          5.390272
最小值        -19.467208
25分位数        0.000000
中位数          0.000000
75分位数        4.351135
最大值         19.997459
Name: dev, dtype: float64

【相对偏差统计(%)】
计数        34001.000000
均值          147.179206
标准差        3234.224770
最小值        -100.000000
25分位数         0.000000
中位数           0.000000
75分位数         0.000000
最大值      410213.467852
Name: rel_dev, dtype: float64